timeStamp,elapsed,label,responseCode,responseMessage,threadName,dataType,success,failureMessage,bytes,sentBytes,grpThreads,allThreads,URL,Latency,IdleTime,Connect
1624840253116,440,Mybatis Insert,200,,Insert 1-1,text,true,,176,312,1,1,http://localhost:8080/accounts/add,435,0,2
1624840253557,21,Hibernate Insert,200,,Insert 1-1,text,true,,338,308,1,1,http://localhost:9090/accounts,21,0,1
1624840253578,11,Mybatis Insert,200,,Insert 1-1,text,true,,176,312,1,1,http://localhost:8080/accounts/add,10,0,0
1624840253589,15,Hibernate Insert,200,,Insert 1-1,text,true,,338,308,1,1,http://localhost:9090/accounts,14,0,0
1624840253604,8,Mybatis Insert,200,,Insert 1-1,text,true,,176,312,1,1,http://localhost:8080/accounts/add,7,0,0
1624840253612,14,Hibernate Insert,200,,Insert 1-1,text,true,,338,308,1,1,http://localhost:9090/accounts,14,0,0
1624840253627,10,Mybatis Insert,200,,Insert 1-1,text,true,,176,312,1,1,http://localhost:8080/accounts/add,9,0,0
1624840253637,12,Hibernate Insert,200,,Insert 1-1,text,true,,338,308,1,1,http://localhost:9090/accounts,12,0,0
1624840253649,8,Mybatis Insert,200,,Insert 1-1,text,true,,176,312,1,1,http://localhost:8080/accounts/add,7,0,0
1624840253657,12,Hibernate Insert,200,,Insert 1-1,text,true,,338,308,1,1,http://localhost:9090/accounts,11,0,0
1624840253669,7,Mybatis Insert,200,,Insert 1-1,text,true,,176,312,1,1,http://localhost:8080/accounts/add,6,0,0
1624840253676,12,Hibernate Insert,200,,Insert 1-1,text,true,,338,308,1,1,http://localhost:9090/accounts,12,0,0
1624840253688,7,Mybatis Insert,200,,Insert 1-1,text,true,,176,312,1,1,http://localhost:8080/accounts/add,7,0,0
1624840253695,13,Hibernate Insert,200,,Insert 1-1,text,true,,338,308,1,1,http://localhost:9090/accounts,12,0,0
1624840253708,7,Mybatis Insert,200,,Insert 1-1,text,true,,176,312,1,1,http://localhost:8080/accounts/add,6,0,0
1624840253715,12,Hibernate Insert,200,,Insert 1-1,text,true,,338,308,1,1,http://localhost:9090/accounts,12,0,0
1624840253727,8,Mybatis Insert,200,,Insert 1-1,text,true,,176,312,1,1,http://localhost:8080/accounts/add,7,0,0
1624840253735,12,Hibernate Insert,200,,Insert 1-1,text,true,,338,308,1,1,http://localhost:9090/accounts,11,0,0
1624840253747,7,Mybatis Insert,200,,Insert 1-1,text,true,,176,312,1,1,http://localhost:8080/accounts/add,6,0,0
1624840253754,13,Hibernate Insert,200,,Insert 1-1,text,true,,338,308,1,1,http://localhost:9090/accounts,12,0,0
1624840253767,7,Mybatis Insert,200,,Insert 1-1,text,true,,176,312,1,1,http://localhost:8080/accounts/add,7,0,0
1624840253774,14,Hibernate Insert,200,,Insert 1-1,text,true,,338,308,1,1,http://localhost:9090/accounts,14,0,0
1624840253788,8,Mybatis Insert,200,,Insert 1-1,text,true,,176,312,1,1,http://localhost:8080/accounts/add,8,0,0
1624840253796,13,Hibernate Insert,200,,Insert 1-1,text,true,,338,308,1,1,http://localhost:9090/accounts,12,0,0
1624840253809,9,Mybatis Insert,200,,Insert 1-1,text,true,,176,312,1,1,http://localhost:8080/accounts/add,8,0,0
1624840253818,14,Hibernate Insert,200,,Insert 1-1,text,true,,338,308,1,1,http://localhost:9090/accounts,13,0,0
1624840253832,7,Mybatis Insert,200,,Insert 1-1,text,true,,176,312,1,1,http://localhost:8080/accounts/add,6,0,0
1624840253839,14,Hibernate Insert,200,,Insert 1-1,text,true,,338,308,1,1,http://localhost:9090/accounts,14,0,0
1624840253854,6,Mybatis Insert,200,,Insert 1-1,text,true,,176,312,1,1,http://localhost:8080/accounts/add,6,0,0
1624840253860,16,Hibernate Insert,200,,Insert 1-1,text,true,,338,308,1,1,http://localhost:9090/accounts,16,0,0
1624840253876,12,Mybatis Insert,200,,Insert 1-1,text,true,,176,312,1,1,http://localhost:8080/accounts/add,11,0,0
1624840253888,12,Hibernate Insert,200,,Insert 1-1,text,true,,338,308,1,1,http://localhost:9090/accounts,12,0,0
1624840253900,7,Mybatis Insert,200,,Insert 1-1,text,true,,176,312,1,1,http://localhost:8080/accounts/add,7,0,0
1624840253908,11,Hibernate Insert,200,,Insert 1-1,text,true,,338,308,1,1,http://localhost:9090/accounts,10,0,0
1624840253919,7,Mybatis Insert,200,,Insert 1-1,text,true,,176,312,1,1,http://localhost:8080/accounts/add,6,0,0
1624840253926,11,Hibernate Insert,200,,Insert 1-1,text,true,,338,308,1,1,http://localhost:9090/accounts,11,0,0
1624840253937,7,Mybatis Insert,200,,Insert 1-1,text,true,,176,312,1,1,http://localhost:8080/accounts/add,7,0,0
1624840253944,11,Hibernate Insert,200,,Insert 1-1,text,true,,338,308,1,1,http://localhost:9090/accounts,11,0,0
1624840253955,7,Mybatis Insert,200,,Insert 1-1,text,true,,176,312,1,1,http://localhost:8080/accounts/add,6,0,0
1624840253962,11,Hibernate Insert,200,,Insert 1-1,text,true,,338,308,1,1,http://localhost:9090/accounts,11,0,0
1624840253973,8,Mybatis Insert,200,,Insert 1-1,text,true,,176,312,1,1,http://localhost:8080/accounts/add,7,0,0
1624840253981,14,Hibernate Insert,200,,Insert 1-1,text,true,,338,308,1,1,http://localhost:9090/accounts,13,0,0
1624840253995,7,Mybatis Insert,200,,Insert 1-1,text,true,,176,312,1,1,http://localhost:8080/accounts/add,7,0,0
1624840254002,12,Hibernate Insert,200,,Insert 1-1,text,true,,338,308,1,1,http://localhost:9090/accounts,11,0,0
1624840254014,8,Mybatis Insert,200,,Insert 1-1,text,true,,176,312,1,1,http://localhost:8080/accounts/add,8,0,0
1624840254022,11,Hibernate Insert,200,,Insert 1-1,text,true,,338,308,1,1,http://localhost:9090/accounts,11,0,0
1624840254033,7,Mybatis Insert,200,,Insert 1-1,text,true,,176,312,1,1,http://localhost:8080/accounts/add,7,0,0
1624840254041,10,Hibernate Insert,200,,Insert 1-1,text,true,,338,308,1,1,http://localhost:9090/accounts,10,0,0
1624840254052,6,Mybatis Insert,200,,Insert 1-1,text,true,,176,312,1,1,http://localhost:8080/accounts/add,6,0,0
1624840254059,11,Hibernate Insert,200,,Insert 1-1,text,true,,338,308,1,1,http://localhost:9090/accounts,11,0,0
1624840254071,7,Mybatis Insert,200,,Insert 1-1,text,true,,176,312,1,1,http://localhost:8080/accounts/add,6,0,0
1624840254078,12,Hibernate Insert,200,,Insert 1-1,text,true,,338,308,1,1,http://localhost:9090/accounts,12,0,0
1624840254090,7,Mybatis Insert,200,,Insert 1-1,text,true,,176,312,1,1,http://localhost:8080/accounts/add,6,0,0
1624840254097,11,Hibernate Insert,200,,Insert 1-1,text,true,,338,308,1,1,http://localhost:9090/accounts,11,0,0
1624840254108,7,Mybatis Insert,200,,Insert 1-1,text,true,,176,312,1,1,http://localhost:8080/accounts/add,7,0,0
1624840254115,11,Hibernate Insert,200,,Insert 1-1,text,true,,338,308,1,1,http://localhost:9090/accounts,11,0,0
1624840254126,7,Mybatis Insert,200,,Insert 1-1,text,true,,176,312,1,1,http://localhost:8080/accounts/add,7,0,0
1624840254134,10,Hibernate Insert,200,,Insert 1-1,text,true,,338,308,1,1,http://localhost:9090/accounts,10,0,0
1624840254144,7,Mybatis Insert,200,,Insert 1-1,text,true,,176,312,1,1,http://localhost:8080/accounts/add,6,0,0
1624840254151,13,Hibernate Insert,200,,Insert 1-1,text,true,,338,308,1,1,http://localhost:9090/accounts,13,0,0
1624840254164,10,Mybatis Insert,200,,Insert 1-1,text,true,,176,312,1,1,http://localhost:8080/accounts/add,10,0,0
1624840254174,37,Hibernate Insert,200,,Insert 1-1,text,true,,338,308,1,1,http://localhost:9090/accounts,37,0,0
1624840254212,7,Mybatis Insert,200,,Insert 1-1,text,true,,176,312,1,1,http://localhost:8080/accounts/add,6,0,0
1624840254219,12,Hibernate Insert,200,,Insert 1-1,text,true,,338,308,1,1,http://localhost:9090/accounts,11,0,0
1624840254231,7,Mybatis Insert,200,,Insert 1-1,text,true,,176,312,1,1,http://localhost:8080/accounts/add,6,0,0
1624840254238,11,Hibernate Insert,200,,Insert 1-1,text,true,,338,308,1,1,http://localhost:9090/accounts,11,0,0
1624840254249,7,Mybatis Insert,200,,Insert 1-1,text,true,,176,312,1,1,http://localhost:8080/accounts/add,7,0,0
1624840254256,12,Hibernate Insert,200,,Insert 1-1,text,true,,338,308,1,1,http://localhost:9090/accounts,11,0,0
1624840254268,7,Mybatis Insert,200,,Insert 1-1,text,true,,176,312,1,1,http://localhost:8080/accounts/add,6,0,0
1624840254275,12,Hibernate Insert,200,,Insert 1-1,text,true,,338,308,1,1,http://localhost:9090/accounts,12,0,0
1624840254288,6,Mybatis Insert,200,,Insert 1-1,text,true,,176,312,1,1,http://localhost:8080/accounts/add,6,0,0
1624840254294,13,Hibernate Insert,200,,Insert 1-1,text,true,,338,308,1,1,http://localhost:9090/accounts,13,0,0
1624840254308,7,Mybatis Insert,200,,Insert 1-1,text,true,,176,312,1,1,http://localhost:8080/accounts/add,7,0,0
1624840254315,15,Hibernate Insert,200,,Insert 1-1,text,true,,338,308,1,1,http://localhost:9090/accounts,15,0,0
1624840254331,6,Mybatis Insert,200,,Insert 1-1,text,true,,176,312,1,1,http://localhost:8080/accounts/add,6,0,0
1624840254337,12,Hibernate Insert,200,,Insert 1-1,text,true,,338,308,1,1,http://localhost:9090/accounts,12,0,0
1624840254349,7,Mybatis Insert,200,,Insert 1-1,text,true,,176,312,1,1,http://localhost:8080/accounts/add,6,0,0
1624840254356,10,Hibernate Insert,200,,Insert 1-1,text,true,,338,308,1,1,http://localhost:9090/accounts,10,0,0
1624840254367,6,Mybatis Insert,200,,Insert 1-1,text,true,,176,312,1,1,http://localhost:8080/accounts/add,6,0,0
1624840254373,11,Hibernate Insert,200,,Insert 1-1,text,true,,338,308,1,1,http://localhost:9090/accounts,11,0,0
1624840254385,6,Mybatis Insert,200,,Insert 1-1,text,true,,176,312,1,1,http://localhost:8080/accounts/add,6,0,0
1624840254391,12,Hibernate Insert,200,,Insert 1-1,text,true,,338,308,1,1,http://localhost:9090/accounts,11,0,0
1624840254403,6,Mybatis Insert,200,,Insert 1-1,text,true,,176,312,1,1,http://localhost:8080/accounts/add,6,0,0
1624840254409,13,Hibernate Insert,200,,Insert 1-1,text,true,,338,308,1,1,http://localhost:9090/accounts,12,0,0
1624840254422,9,Mybatis Insert,200,,Insert 1-1,text,true,,176,312,1,1,http://localhost:8080/accounts/add,8,0,0
1624840254431,13,Hibernate Insert,200,,Insert 1-1,text,true,,338,308,1,1,http://localhost:9090/accounts,12,0,0
1624840254444,6,Mybatis Insert,200,,Insert 1-1,text,true,,176,312,1,1,http://localhost:8080/accounts/add,6,0,0
1624840254450,11,Hibernate Insert,200,,Insert 1-1,text,true,,338,308,1,1,http://localhost:9090/accounts,11,0,0
1624840254461,7,Mybatis Insert,200,,Insert 1-1,text,true,,176,312,1,1,http://localhost:8080/accounts/add,6,0,0
1624840254468,10,Hibernate Insert,200,,Insert 1-1,text,true,,338,308,1,1,http://localhost:9090/accounts,10,0,0
1624840254478,20,Mybatis Insert,200,,Insert 1-1,text,true,,176,312,1,1,http://localhost:8080/accounts/add,20,0,0
1624840254498,11,Hibernate Insert,200,,Insert 1-1,text,true,,338,308,1,1,http://localhost:9090/accounts,11,0,0
1624840254509,7,Mybatis Insert,200,,Insert 1-1,text,true,,176,312,1,1,http://localhost:8080/accounts/add,6,0,0
1624840254516,11,Hibernate Insert,200,,Insert 1-1,text,true,,338,308,1,1,http://localhost:9090/accounts,10,0,0
1624840254527,7,Mybatis Insert,200,,Insert 1-1,text,true,,176,312,1,1,http://localhost:8080/accounts/add,6,0,0
1624840254534,10,Hibernate Insert,200,,Insert 1-1,text,true,,338,308,1,1,http://localhost:9090/accounts,9,0,0
1624840254544,7,Mybatis Insert,200,,Insert 1-1,text,true,,176,312,1,1,http://localhost:8080/accounts/add,6,0,0
1624840254551,12,Hibernate Insert,200,,Insert 1-1,text,true,,338,308,1,1,http://localhost:9090/accounts,11,0,0
1624840254563,6,Mybatis Insert,200,,Insert 1-1,text,true,,176,312,1,1,http://localhost:8080/accounts/add,6,0,0
1624840254569,12,Hibernate Insert,200,,Insert 1-1,text,true,,338,308,1,1,http://localhost:9090/accounts,12,0,0
1624840254581,7,Mybatis Insert,200,,Insert 1-1,text,true,,176,312,1,1,http://localhost:8080/accounts/add,6,0,0
1624840254588,13,Hibernate Insert,200,,Insert 1-1,text,true,,338,308,1,1,http://localhost:9090/accounts,13,0,0
1624840254601,8,Mybatis Insert,200,,Insert 1-1,text,true,,176,312,1,1,http://localhost:8080/accounts/add,7,0,0
1624840254609,11,Hibernate Insert,200,,Insert 1-1,text,true,,338,308,1,1,http://localhost:9090/accounts,11,0,0
1624840254620,7,Mybatis Insert,200,,Insert 1-1,text,true,,176,312,1,1,http://localhost:8080/accounts/add,6,0,0
1624840254627,11,Hibernate Insert,200,,Insert 1-1,text,true,,338,308,1,1,http://localhost:9090/accounts,11,0,0
1624840254639,6,Mybatis Insert,200,,Insert 1-1,text,true,,176,312,1,1,http://localhost:8080/accounts/add,6,0,0
1624840254645,11,Hibernate Insert,200,,Insert 1-1,text,true,,338,308,1,1,http://localhost:9090/accounts,11,0,0
1624840254657,6,Mybatis Insert,200,,Insert 1-1,text,true,,176,312,1,1,http://localhost:8080/accounts/add,6,0,0
1624840254663,11,Hibernate Insert,200,,Insert 1-1,text,true,,338,308,1,1,http://localhost:9090/accounts,11,0,0
1624840254674,7,Mybatis Insert,200,,Insert 1-1,text,true,,176,312,1,1,http://localhost:8080/accounts/add,6,0,0
1624840254681,10,Hibernate Insert,200,,Insert 1-1,text,true,,338,308,1,1,http://localhost:9090/accounts,10,0,0
1624840254692,6,Mybatis Insert,200,,Insert 1-1,text,true,,176,312,1,1,http://localhost:8080/accounts/add,5,0,0
1624840254698,10,Hibernate Insert,200,,Insert 1-1,text,true,,338,308,1,1,http://localhost:9090/accounts,10,0,0
1624840254708,7,Mybatis Insert,200,,Insert 1-1,text,true,,176,312,1,1,http://localhost:8080/accounts/add,6,0,0
1624840254715,11,Hibernate Insert,200,,Insert 1-1,text,true,,338,308,1,1,http://localhost:9090/accounts,10,0,0
1624840254726,6,Mybatis Insert,200,,Insert 1-1,text,true,,176,312,1,1,http://localhost:8080/accounts/add,6,0,0
1624840254732,11,Hibernate Insert,200,,Insert 1-1,text,true,,338,308,1,1,http://localhost:9090/accounts,10,0,0
1624840254743,6,Mybatis Insert,200,,Insert 1-1,text,true,,176,312,1,1,http://localhost:8080/accounts/add,5,0,0
1624840254749,11,Hibernate Insert,200,,Insert 1-1,text,true,,338,308,1,1,http://localhost:9090/accounts,11,0,0
1624840254760,6,Mybatis Insert,200,,Insert 1-1,text,true,,176,312,1,1,http://localhost:8080/accounts/add,6,0,0
1624840254767,11,Hibernate Insert,200,,Insert 1-1,text,true,,338,308,1,1,http://localhost:9090/accounts,10,0,0
1624840254778,6,Mybatis Insert,200,,Insert 1-1,text,true,,176,312,1,1,http://localhost:8080/accounts/add,6,0,0
1624840254784,11,Hibernate Insert,200,,Insert 1-1,text,true,,338,308,1,1,http://localhost:9090/accounts,11,0,0
1624840254795,8,Mybatis Insert,200,,Insert 1-1,text,true,,176,312,1,1,http://localhost:8080/accounts/add,8,0,0
1624840254803,13,Hibernate Insert,200,,Insert 1-1,text,true,,338,308,1,1,http://localhost:9090/accounts,12,0,0
1624840254816,9,Mybatis Insert,200,,Insert 1-1,text,true,,176,312,1,1,http://localhost:8080/accounts/add,9,0,0
1624840254826,10,Hibernate Insert,200,,Insert 1-1,text,true,,338,308,1,1,http://localhost:9090/accounts,10,0,0
1624840254836,7,Mybatis Insert,200,,Insert 1-1,text,true,,176,312,1,1,http://localhost:8080/accounts/add,6,0,0
1624840254843,10,Hibernate Insert,200,,Insert 1-1,text,true,,338,308,1,1,http://localhost:9090/accounts,10,0,0
1624840254853,7,Mybatis Insert,200,,Insert 1-1,text,true,,176,312,1,1,http://localhost:8080/accounts/add,7,0,0
1624840254860,11,Hibernate Insert,200,,Insert 1-1,text,true,,338,308,1,1,http://localhost:9090/accounts,10,0,0
1624840254871,6,Mybatis Insert,200,,Insert 1-1,text,true,,176,312,1,1,http://localhost:8080/accounts/add,6,0,0
1624840254877,11,Hibernate Insert,200,,Insert 1-1,text,true,,338,308,1,1,http://localhost:9090/accounts,11,0,0
1624840254888,6,Mybatis Insert,200,,Insert 1-1,text,true,,176,312,1,1,http://localhost:8080/accounts/add,5,0,0
1624840254894,11,Hibernate Insert,200,,Insert 1-1,text,true,,338,308,1,1,http://localhost:9090/accounts,10,0,0
1624840254905,6,Mybatis Insert,200,,Insert 1-1,text,true,,176,312,1,1,http://localhost:8080/accounts/add,5,0,0
1624840254911,10,Hibernate Insert,200,,Insert 1-1,text,true,,338,308,1,1,http://localhost:9090/accounts,10,0,0
1624840254922,6,Mybatis Insert,200,,Insert 1-1,text,true,,176,312,1,1,http://localhost:8080/accounts/add,5,0,0
1624840254928,12,Hibernate Insert,200,,Insert 1-1,text,true,,338,308,1,1,http://localhost:9090/accounts,11,0,0
1624840254940,6,Mybatis Insert,200,,Insert 1-1,text,true,,176,312,1,1,http://localhost:8080/accounts/add,5,0,0
1624840254946,10,Hibernate Insert,200,,Insert 1-1,text,true,,338,308,1,1,http://localhost:9090/accounts,10,0,0
1624840254956,7,Mybatis Insert,200,,Insert 1-1,text,true,,176,312,1,1,http://localhost:8080/accounts/add,6,0,0
1624840254963,9,Hibernate Insert,200,,Insert 1-1,text,true,,338,308,1,1,http://localhost:9090/accounts,9,0,0
1624840254973,6,Mybatis Insert,200,,Insert 1-1,text,true,,176,312,1,1,http://localhost:8080/accounts/add,5,0,0
1624840254979,11,Hibernate Insert,200,,Insert 1-1,text,true,,338,308,1,1,http://localhost:9090/accounts,10,0,0
1624840254990,6,Mybatis Insert,200,,Insert 1-1,text,true,,176,312,1,1,http://localhost:8080/accounts/add,6,0,0
1624840254996,12,Hibernate Insert,200,,Insert 1-1,text,true,,338,308,1,1,http://localhost:9090/accounts,12,0,0
1624840255009,7,Mybatis Insert,200,,Insert 1-1,text,true,,176,312,1,1,http://localhost:8080/accounts/add,6,0,0
1624840255016,12,Hibernate Insert,200,,Insert 1-1,text,true,,338,308,1,1,http://localhost:9090/accounts,11,0,0
1624840255028,6,Mybatis Insert,200,,Insert 1-1,text,true,,176,312,1,1,http://localhost:8080/accounts/add,6,0,0
1624840255034,13,Hibernate Insert,200,,Insert 1-1,text,true,,338,308,1,1,http://localhost:9090/accounts,12,0,0
1624840255047,7,Mybatis Insert,200,,Insert 1-1,text,true,,176,312,1,1,http://localhost:8080/accounts/add,7,0,0
1624840255054,12,Hibernate Insert,200,,Insert 1-1,text,true,,338,308,1,1,http://localhost:9090/accounts,12,0,0
1624840255066,7,Mybatis Insert,200,,Insert 1-1,text,true,,176,312,1,1,http://localhost:8080/accounts/add,6,0,0
1624840255073,10,Hibernate Insert,200,,Insert 1-1,text,true,,338,308,1,1,http://localhost:9090/accounts,10,0,0
1624840255084,6,Mybatis Insert,200,,Insert 1-1,text,true,,176,312,1,1,http://localhost:8080/accounts/add,5,0,0
1624840255090,11,Hibernate Insert,200,,Insert 1-1,text,true,,338,308,1,1,http://localhost:9090/accounts,11,0,0
1624840255101,7,Mybatis Insert,200,,Insert 1-1,text,true,,176,312,1,1,http://localhost:8080/accounts/add,6,0,0
1624840255108,11,Hibernate Insert,200,,Insert 1-1,text,true,,338,308,1,1,http://localhost:9090/accounts,11,0,0
1624840255119,7,Mybatis Insert,200,,Insert 1-1,text,true,,176,312,1,1,http://localhost:8080/accounts/add,6,0,0
1624840255126,11,Hibernate Insert,200,,Insert 1-1,text,true,,338,308,1,1,http://localhost:9090/accounts,11,0,0
1624840255137,7,Mybatis Insert,200,,Insert 1-1,text,true,,176,312,1,1,http://localhost:8080/accounts/add,6,0,0
1624840255144,11,Hibernate Insert,200,,Insert 1-1,text,true,,338,308,1,1,http://localhost:9090/accounts,11,0,0
1624840255156,8,Mybatis Insert,200,,Insert 1-1,text,true,,176,312,1,1,http://localhost:8080/accounts/add,8,0,0
1624840255164,46,Hibernate Insert,200,,Insert 1-1,text,true,,338,308,1,1,http://localhost:9090/accounts,46,0,0
1624840255210,7,Mybatis Insert,200,,Insert 1-1,text,true,,176,312,1,1,http://localhost:8080/accounts/add,6,0,0
1624840255217,13,Hibernate Insert,200,,Insert 1-1,text,true,,338,308,1,1,http://localhost:9090/accounts,12,0,0
1624840255230,7,Mybatis Insert,200,,Insert 1-1,text,true,,176,312,1,1,http://localhost:8080/accounts/add,6,0,0
1624840255237,12,Hibernate Insert,200,,Insert 1-1,text,true,,338,308,1,1,http://localhost:9090/accounts,12,0,0
1624840255249,7,Mybatis Insert,200,,Insert 1-1,text,true,,176,312,1,1,http://localhost:8080/accounts/add,7,0,0
1624840255257,11,Hibernate Insert,200,,Insert 1-1,text,true,,338,308,1,1,http://localhost:9090/accounts,11,0,0
1624840255269,6,Mybatis Insert,200,,Insert 1-1,text,true,,176,312,1,1,http://localhost:8080/accounts/add,6,0,0
1624840255275,11,Hibernate Insert,200,,Insert 1-1,text,true,,338,308,1,1,http://localhost:9090/accounts,11,0,0
1624840255286,7,Mybatis Insert,200,,Insert 1-1,text,true,,176,312,1,1,http://localhost:8080/accounts/add,7,0,0
1624840255293,10,Hibernate Insert,200,,Insert 1-1,text,true,,338,308,1,1,http://localhost:9090/accounts,10,0,0
1624840255303,7,Mybatis Insert,200,,Insert 1-1,text,true,,176,312,1,1,http://localhost:8080/accounts/add,6,0,0
1624840255310,10,Hibernate Insert,200,,Insert 1-1,text,true,,338,308,1,1,http://localhost:9090/accounts,9,0,0
1624840255320,6,Mybatis Insert,200,,Insert 1-1,text,true,,176,312,1,1,http://localhost:8080/accounts/add,6,0,0
1624840255327,10,Hibernate Insert,200,,Insert 1-1,text,true,,338,308,1,1,http://localhost:9090/accounts,10,0,0
1624840255337,6,Mybatis Insert,200,,Insert 1-1,text,true,,176,312,1,1,http://localhost:8080/accounts/add,6,0,0
1624840255344,10,Hibernate Insert,200,,Insert 1-1,text,true,,338,308,1,1,http://localhost:9090/accounts,10,0,0
1624840255354,6,Mybatis Insert,200,,Insert 1-1,text,true,,176,312,1,1,http://localhost:8080/accounts/add,6,0,0
1624840255360,10,Hibernate Insert,200,,Insert 1-1,text,true,,338,308,1,1,http://localhost:9090/accounts,10,0,0
1624840255370,7,Mybatis Insert,200,,Insert 1-1,text,true,,176,312,1,1,http://localhost:8080/accounts/add,6,0,0
1624840255377,10,Hibernate Insert,200,,Insert 1-1,text,true,,338,308,1,1,http://localhost:9090/accounts,10,0,0
1624840255387,6,Mybatis Insert,200,,Insert 1-1,text,true,,176,312,1,1,http://localhost:8080/accounts/add,6,0,0
1624840255395,10,Hibernate Insert,200,,Insert 1-1,text,true,,338,308,1,1,http://localhost:9090/accounts,10,0,0
1624840255405,7,Mybatis Insert,200,,Insert 1-1,text,true,,176,312,1,1,http://localhost:8080/accounts/add,6,0,0
1624840255412,12,Hibernate Insert,200,,Insert 1-1,text,true,,338,308,1,1,http://localhost:9090/accounts,11,0,0
1624840255424,8,Mybatis Insert,200,,Insert 1-1,text,true,,176,312,1,1,http://localhost:8080/accounts/add,7,0,0
1624840255432,11,Hibernate Insert,200,,Insert 1-1,text,true,,338,308,1,1,http://localhost:9090/accounts,10,0,0
1624840255443,7,Mybatis Insert,200,,Insert 1-1,text,true,,176,312,1,1,http://localhost:8080/accounts/add,6,0,0
1624840255450,10,Hibernate Insert,200,,Insert 1-1,text,true,,338,308,1,1,http://localhost:9090/accounts,10,0,0
1624840255461,6,Mybatis Insert,200,,Insert 1-1,text,true,,176,312,1,1,http://localhost:8080/accounts/add,5,0,0
1624840255467,12,Hibernate Insert,200,,Insert 1-1,text,true,,338,308,1,1,http://localhost:9090/accounts,12,0,0
1624840255479,7,Mybatis Insert,200,,Insert 1-1,text,true,,176,312,1,1,http://localhost:8080/accounts/add,6,0,0
1624840255486,11,Hibernate Insert,200,,Insert 1-1,text,true,,338,308,1,1,http://localhost:9090/accounts,11,0,0
1624840255497,7,Mybatis Insert,200,,Insert 1-1,text,true,,147,312,1,1,http://localhost:8080/accounts/add,7,0,0
1624840255504,13,Hibernate Insert,200,,Insert 1-1,text,true,,309,308,1,1,http://localhost:9090/accounts,13,0,0
